      Rank       #data_overlap        size_overlap          Feature_ID
         1                  34             0.75778   (       1)
         2                  34             0.82490   (       2)
         3                  34             0.84477   (       3)
         4                  35             0.81722   (       4)
         5                  36             0.85630   (       5)
         6                  37             0.75655   (       6)
         7                  37             0.88260   (       7)
         8                  38             0.77741   (       8)
         9                  38             0.84937   (       9)
        10                  38             0.88867   (      10)
        11                  39             0.82514   (      11)
        12                  39             0.88561   (      12)
        13                  39             0.91240   (      13)
        14                  40             0.78128   (      15)
        15                  41             0.85875   (      16)
        16                  41             0.91374   (      17)
        17                  42             0.78290   (      18)
        18                  42             0.90728   (      19)
        19                  42             0.92563   (      20)
        20                  43             0.81763   (      21)
        21                  43             0.82890   (      22)
        22                  43             0.89298   (      23)
        23                  43             0.90342   (      24)
        24                  43             0.92101   (      25)
        25                  44             0.84734   (      26)
        26                  44             0.89345   (      27)
        27                  44             0.93716   (      28)
        28                  45             0.82672   (      29)
        29                  45             0.85965   (      30)
        30                  45             0.89756   (      31)
        31                  45             0.89870   (      32)
        32                  45             0.93137   (      33)
        33                  45             0.93460   (      34)
        34                  45             0.93746   (      35)
        35                  45             0.93960   (      36)
        36                  46             0.86539   (      37)
        37                  46             0.88502   (      38)
        38                  46             0.93961   (      39)
        39                  47             0.81736   (      40)
        40                  47             0.89225   (      41)
        41                  47             0.93970   (      42)
        42                  48             0.80886   (      43)
        43                  48             0.82771   (      44)
        44                  48             0.83179   (      45)
        45                  48             0.85274   (      46)
        46                  48             0.93234   (      47)
        47                  48             0.93779   (      48)
        48                  49             0.80722   (      49)
        49                  49             0.81669   (      50)
        50                  49             0.86951   (      51)
        51                  49             0.94197   (      52)
        52                  50             0.86082   (      53)
        53                  50             0.87713   (      54)
        54                  50             0.90420   (      55)
        55                  50             0.91571   (      56)
        56                  50             0.94479   (      57)
        57                  50             0.95635   (      58)
        58                  51             0.84673   (      59)
        59                  51             0.88383   (      60)
        60                  51             0.89282   (      61)
        61                  51             0.89484   (      62)
        62                  51             0.91235   (      63)
        63                  51             0.93150   (      64)
        64                  51             0.93454   (      65)
        65                  51             0.94695   (      66)
        66                  51             0.95412   (      67)
        67                  52             0.90443   (      68)
        68                  53             0.92230   (      69)
        69                  53             0.95633   (      70)
        70                  53             0.95898   (      71)
        71                  54             0.86257   (      72)
        72                  54             0.89079   (      73)
        73                  54             0.92671   (      74)
        74                  54             0.95468   (      75)
        75                  54             0.95861   (      76)
        76                  55             0.93410   (      77)
        77                  55             0.93472   (      78)
        78                  55             0.94522   (      79)
        79                  55             0.96659   (      80)
        80                  56             0.87072   (      82)
        81                  56             0.92714   (      83)
        82                  56             0.92912   (      84)
        83                  56             0.93688   (      85)
        84                  56             0.95264   (      86)
        85                  56             0.95819   (      87)
        86                  57             0.93034   (      88)
        87                  57             0.93745   (      89)
        88                  57             0.94020   (      90)
        89                  57             0.94421   (      91)
        90                  57             0.95395   (      92)
        91                  57             0.96369   (      93)
        92                  58             0.90336   (      94)
        93                  58             0.93458   (      95)
        94                  58             0.96237   (      96)
        95                  60             0.90416   (      98)
        96                  60             0.92222   (      99)
        97                  60             0.92356   (     100)
        98                  60             0.95659   (     101)
        99                  60             0.95977   (     102)
       100                  60             0.96640   (     103)
