      Rank       #data_overlap        size_overlap          Feature_ID
         1                   2             0.20467   (     203     365)
         2                   2             0.30974   (     317     406)
         3                   2             0.46970   (     298     406)
         4                   3             0.07890   (     138     379)
         5                   3             0.10593   (     139     379)
         6                   3             0.11726   (     138     230)
         7                   3             0.12498   (     138     382)
         8                   3             0.12576   (     139     231)
         9                   3             0.12777   (     138     229)
        10                   3             0.13950   (     139     230)
        11                   3             0.14174   (     138     407)
        12                   3             0.14493   (     138     399)
        13                   3             0.14623   (     139     359)
        14                   3             0.15428   (     207     379)
        15                   3             0.15517   (     138     383)
        16                   3             0.15881   (     138     218)
        17                   3             0.16957   (     138     221)
        18                   3             0.18807   (     138     193)
        19                   3             0.21190   (     138     359)
        20                   3             0.22062   (     194     340)
        21                   3             0.22601   (     288     406)
        22                   3             0.23183   (     365     372)
        23                   3             0.23516   (     222     365)
        24                   3             0.26727   (     292     406)
        25                   3             0.28883   (     359     406)
        26                   3             0.29394   (     319     406)
        27                   4             0.13960   (     135     230)
        28                   4             0.14876   (     207     342)
        29                   4             0.15962   (     138     231)
        30                   4             0.17716   (     207     382)
        31                   4             0.18391   (     207     399)
        32                   4             0.18693   (     193     207)
        33                   4             0.20174   (     139     229)
        34                   4             0.20516   (      14     253)
        35                   4             0.20752   (     139     407)
        36                   4             0.21146   (     199     340)
        37                   4             0.23147   (     365     368)
        38                   4             0.23345   (     207     229)
        39                   4             0.23485   (     214     365)
        40                   4             0.23609   (     207     407)
        41                   4             0.23697   (     138     204)
        42                   4             0.23751   (     199     337)
        43                   4             0.24330   (     216     365)
        44                   4             0.24646   (     194     337)
        45                   4             0.25030   (     139     208)
        46                   4             0.25217   (     180     261)
        47                   4             0.26188   (     208     365)
        48                   4             0.26192   (     139     382)
        49                   4             0.26483   (     340     361)
        50                   4             0.26512   (     201     365)
        51                   4             0.28005   (      14     122)
        52                   4             0.28395   (     337     361)
        53                   4             0.28919   (     141     185)
        54                   4             0.29038   (     292     317)
        55                   4             0.29201   (     186     340)
        56                   4             0.29884   (     139     214)
        57                   4             0.32078   (     134     141)
        58                   4             0.32277   (     231     365)
        59                   4             0.33081   (     232     340)
        60                   4             0.34137   (     170     364)
        61                   4             0.35702   (     317     319)
        62                   4             0.40765   (     186     232)
        63                   4             0.47900   (     197     364)
        64                   4             0.49274   (     171     340)
        65                   4             0.50755   (     165     337)
        66                   5             0.11866   (     135     231)
        67                   5             0.16057   (     138     198)
        68                   5             0.16897   (     207     383)
        69                   5             0.19816   (     202     207)
        70                   5             0.21914   (     138     210)
        71                   5             0.22097   (     135     229)
        72                   5             0.22240   (     326     365)
        73                   5             0.22711   (     135     407)
        74                   5             0.22912   (     138     208)
        75                   5             0.23399   (     183     365)
        76                   5             0.23894   (     207     226)
        77                   5             0.25120   (     189     365)
        78                   5             0.25546   (     331     365)
        79                   5             0.26780   (     204     207)
        80                   5             0.26786   (     213     365)
        81                   5             0.26945   (     138     202)
        82                   5             0.27317   (     139     399)
        83                   5             0.27717   (     136     230)
        84                   5             0.29019   (     138     342)
        85                   5             0.29552   (     136     379)
        86                   5             0.29606   (     139     221)
        87                   5             0.30659   (      68     123)
        88                   5             0.32434   (     207     395)
        89                   5             0.32980   (     230     365)
        90                   5             0.33071   (     317     359)
        91                   5             0.34475   (     137     227)
        92                   5             0.34506   (     232     337)
        93                   5             0.44576   (      14      41)
        94                   5             0.48940   (      14     101)
        95                   5             0.50924   (      14      77)
        96                   5             0.51232   (     141     340)
        97                   5             0.52167   (     141     171)
        98                   5             0.54120   (     322     389)
        99                   5             0.68169   (     232     364)
       100                   5             0.76228   (     374     379)
